-5.41283
6.11439
-1.48349
2.77927
0.0599774
-0.840278
1.39249
-4.91832
-0.0647799
5.67189
1.2887
-4.83583
5.08032
-7.6377
5.16714
-5.1385
-7.40119
-0.327707
-1.5867
1.53473
-0.17404
8.9378
-2.11741
-9.54787
8.86291
-3.83612
2.22515
-9.67791
-0.23244
-1.49578
-5.12829
4.28663
-8.91018
-1.90385
7.6706
-1.50694
-4.32325
-3.24185
-2.05828
1.03251
0.000410195
0.978561
0.967253
0.00346931
0
0
0
1
0.983598
0.000214827
0.00803851
0.0133764
1
0
1
1
-0.00030887
-5.02211e-05
-1.07535e-06
0.000104357
-6.45234e-07
-0.000211534
1.72354e-05
8.54351e-06
